1.5588235294117647
1.71875
1.6875
2.6666666666666665
2.230769230769231
1.736842105263158
1.9534883720930232
2.1666666666666665
2.25
2.152173913043478
2.425531914893617
2.6530612244897958
2.234042553191489
2.511111111111111
3.156862745098039
2.290909090909091
2.4642857142857144
2.2962962962962963
2.462962962962963
2.207547169811321
2.875
2.290909090909091
2.4918032786885247
2.85
2.206896551724138
1.9649122807017543
2.4482758620689653
2.593220338983051
2.6315789473684212
2.2333333333333334
2.5084745762711864
2.5084745762711864
2.0
2.225806451612903
1.8955223880597014
1.875
1.803030303030303
2.5303030303030303
1.9855072463768115
2.6714285714285713
2.6052631578947367
2.7027027027027026
2.246913580246914
1.7439024390243902
2.15
1.8275862068965518
1.7582417582417582
2.4942528735632186
1.8823529411764706
1.9662921348314606
2.161290322580645
1.7934782608695652
1.5208333333333333
1.7010309278350515
1.4444444444444444
1.6161616161616161
1.4444444444444444
1.5918367346938775
1.316326530612245
1.198019801980198
1.3883495145631068
1.3831775700934579
1.2242990654205608
1.5471698113207548
1.5471698113207548
1.5137614678899083
1.6788990825688073
1.3173076923076923
1.320754716981132
1.8942307692307692
1.3235294117647058
1.306930693069307
1.0857142857142856
1.125
1.179245283018868
2.0202020202020203
1.3173076923076923
1.1376146788990826
1.4056603773584906
1.650943396226415
1.4811320754716981
1.5315315315315314
1.6106194690265487
1.5398230088495575
1.4336283185840708
1.6785714285714286
1.3448275862068966
1.3043478260869565
1.2820512820512822
1.564516129032258
1.4369747899159664
