1.5128205128205128
1.6923076923076923
1.9743589743589745
1.8333333333333333
2.488888888888889
2.1555555555555554
1.9782608695652173
2.108695652173913
2.3846153846153846
1.96
2.1666666666666665
2.3653846153846154
1.92
2.44
3.4285714285714284
2.0327868852459017
2.4761904761904763
2.3225806451612905
2.305084745762712
2.6615384615384614
2.8
2.4126984126984126
2.590909090909091
2.7794117647058822
2.1076923076923078
2.274193548387097
2.507936507936508
2.782608695652174
2.873015873015873
2.015873015873016
2.1746031746031744
2.34375
1.7727272727272727
1.8484848484848484
1.9014084507042253
1.7142857142857142
1.8873239436619718
2.357142857142857
2.0
2.356164383561644
2.525
2.4096385542168677
2.104651162790698
1.923913043478261
1.8888888888888888
1.9090909090909092
1.7142857142857142
2.1473684210526316
1.815217391304348
1.8969072164948453
1.9898989898989898
1.7647058823529411
1.7352941176470589
1.841121495327103
1.4095238095238096
1.712962962962963
1.6296296296296295
1.5137614678899083
1.490566037735849
1.1944444444444444
1.5
1.4678899082568808
1.238938053097345
1.4375
1.4774774774774775
1.4636363636363636
1.5663716814159292
1.3805309734513274
1.2566371681415929
1.7657657657657657
1.3603603603603605
1.3839285714285714
1.2782608695652173
1.045045045045045
1.2564102564102564
1.7130434782608697
1.453781512605042
1.2773109243697478
1.4444444444444444
1.4655172413793103
1.4201680672268908
1.412280701754386
1.576271186440678
1.3644067796610169
1.5403225806451613
1.792
1.4488188976377954
1.088
1.2290076335877862
1.455223880597015
1.373015873015873
1.5128205128205128
1.6923076923076923
1.9743589743589745
1.8333333333333333
2.488888888888889
2.1555555555555554
1.9782608695652173
2.108695652173913
2.3846153846153846
1.96
2.1666666666666665
2.3653846153846154
1.92
2.44
3.4285714285714284
2.0327868852459017
2.4761904761904763
2.3225806451612905
2.305084745762712
2.6615384615384614
2.8
2.4126984126984126
2.590909090909091
2.7794117647058822
2.1076923076923078
2.274193548387097
2.507936507936508
2.782608695652174
2.873015873015873
2.015873015873016
2.1746031746031744
2.34375
1.7727272727272727
1.8484848484848484
1.9014084507042253
1.7142857142857142
1.8873239436619718
2.357142857142857
2.0
2.356164383561644
2.525
2.4096385542168677
2.104651162790698
1.923913043478261
1.8888888888888888
1.9090909090909092
1.7142857142857142
2.1473684210526316
1.815217391304348
1.8969072164948453
1.9898989898989898
1.7647058823529411
1.7352941176470589
1.841121495327103
1.4095238095238096
1.712962962962963
1.6296296296296295
1.5137614678899083
1.490566037735849
1.1944444444444444
1.5
1.4678899082568808
1.238938053097345
1.4375
1.4774774774774775
1.4636363636363636
1.5663716814159292
1.3805309734513274
1.2566371681415929
1.7657657657657657
1.3603603603603605
1.3839285714285714
1.2782608695652173
1.045045045045045
1.2564102564102564
1.7130434782608697
1.453781512605042
1.2773109243697478
1.4444444444444444
1.4655172413793103
1.4201680672268908
1.412280701754386
1.576271186440678
1.3644067796610169
1.5403225806451613
1.792
1.4488188976377954
1.088
1.2290076335877862
1.455223880597015
1.373015873015873
