3.8761061946902653
1.9375
1.7615384615384615
1.65625
1.9328358208955223
1.9855072463768115
2.3986013986013988
2.238095238095238
1.9161290322580644
2.1354838709677417
2.49375
2.2327044025157234
2.757575757575758
2.0473372781065087
2.4037267080745344
2.0952380952380953
2.2857142857142856
1.7341040462427746
1.782857142857143
1.7314285714285715
1.8797814207650274
2.1920903954802258
1.881720430107527
1.9947089947089947
1.9837837837837837
1.7947368421052632
1.8629441624365481
1.8020304568527918
1.7536945812807883
1.8564356435643565
1.8980582524271845
1.9295774647887325
1.6990740740740742
1.8458149779735682
1.7956521739130435
1.7393162393162394
1.9013452914798206
1.7540322580645162
1.6926229508196722
1.8774703557312253
1.8416988416988418
1.6666666666666667
1.6245353159851301
1.4673913043478262
1.2915129151291513
1.423913043478261
1.4873646209386282
1.702127659574468
1.6619718309859155
1.4140350877192982
1.5457627118644068
1.3664383561643836
1.4829931972789117
1.6433333333333333
2.0313588850174216
1.5205479452054795
1.4758620689655173
1.9387755102040816
1.6768707482993197
1.5901639344262295
1.4474576271186441
1.4166666666666667
1.9739413680781759
1.6842105263157894
1.6807817589576548
1.635483870967742
1.4615384615384615
1.8955696202531647
1.8520900321543408
1.509433962264151
1.8562300319488818
1.532258064516129
1.4089456869009584
1.5401234567901234
1.5365079365079366
1.7547770700636942
1.7967741935483872
1.611842105263158
1.5264900662251655
1.228476821192053
1.4470198675496688
1.662379421221865
1.4901960784313726
1.3206349206349206
1.6451612903225807
1.616393442622951
1.7307692307692308
1.3924050632911393
1.4134615384615385
1.3717948717948718
1.5919003115264798
