3.9583333333333335
2.0948905109489053
1.7826086956521738
1.8905109489051095
1.8972602739726028
2.0684931506849313
2.2435897435897436
2.07741935483871
2.0545454545454547
2.0548780487804876
2.4790419161676644
2.264705882352941
2.7679558011049723
2.061111111111111
2.365168539325843
2.1043956043956045
2.26775956284153
1.8315217391304348
1.9680851063829787
1.7958115183246073
1.9390862944162437
2.1894736842105265
2.06
2.029268292682927
2.0
1.7033492822966507
1.8511627906976744
1.849056603773585
1.7136150234741785
1.9220183486238531
1.8080357142857142
1.9051724137931034
1.780590717299578
2.0327868852459017
1.7676348547717842
1.7510373443983402
2.048
1.8410852713178294
1.8694029850746268
1.8928571428571428
1.8461538461538463
1.698961937716263
1.679054054054054
1.504983388704319
1.3367003367003367
1.4633333333333334
1.4219269102990033
1.6213592233009708
1.652733118971061
1.4778481012658229
1.6075949367088607
1.4412698412698413
1.5661538461538462
1.6231003039513678
2.128526645768025
1.4938271604938271
1.4875776397515528
1.8960244648318043
1.6035502958579881
1.5398230088495575
1.3647058823529412
1.4201183431952662
1.9671641791044776
1.5495495495495495
1.5934718100890208
1.6106194690265487
1.4941176470588236
1.782991202346041
1.6318840579710145
1.3583815028901733
1.7851002865329513
1.5520231213872833
1.3728323699421965
1.4870317002881845
1.6017441860465116
1.5747800586510263
1.7544378698224852
1.498533724340176
1.4213649851632046
1.2928994082840237
1.452887537993921
1.5917159763313609
1.4441176470588235
1.4264705882352942
1.5909090909090908
1.4770114942528736
1.5513196480938416
1.3695014662756597
1.4298507462686567
1.469387755102041
1.629737609329446
