2.107142857142857
1.3148148148148149
1.2962962962962963
1.1320754716981132
1.3103448275862069
1.2142857142857142
1.1694915254237288
1.15625
1.3076923076923077
1.5862068965517242
2.1147540983606556
1.6
1.9275362318840579
1.7014925373134329
1.8985507246376812
1.4657534246575343
1.5753424657534247
1.4871794871794872
1.6265060240963856
1.9879518072289157
2.0987654320987654
1.6626506024096386
2.0595238095238093
1.8588235294117648
2.303370786516854
1.8977272727272727
1.7204301075268817
1.7551020408163265
1.95
1.653061224489796
1.78
1.8557692307692308
1.4854368932038835
1.625
1.7403846153846154
1.5981308411214954
1.3627450980392157
1.5980392156862746
1.6272727272727272
1.4414414414414414
2.118181818181818
1.8771929824561404
1.5086206896551724
1.5737704918032787
1.507936507936508
1.6
1.6641221374045803
1.4924242424242424
1.441860465116279
1.5038167938931297
2.0225563909774436
1.5757575757575757
1.507462686567164
1.6159420289855073
1.4029850746268657
1.523489932885906
1.4652777777777777
1.4161073825503356
1.7096774193548387
1.4842767295597483
1.4240506329113924
1.4620253164556962
1.5679012345679013
1.49375
1.3414634146341464
1.6325301204819278
1.2976190476190477
1.576271186440678
1.5930232558139534
1.4825581395348837
1.3372093023255813
1.3125
1.3977272727272727
1.3820224719101124
1.288888888888889
1.4143646408839778
1.5573770491803278
1.2486486486486486
1.4623655913978495
1.4455958549222798
1.8112244897959184
1.365482233502538
1.2524752475247525
1.398989898989899
1.4228855721393034
1.6634615384615385
1.816831683168317
1.4306930693069306
1.603864734299517
1.325358851674641
1.5961538461538463
