3.913793103448276
3.4210526315789473
1.5689655172413792
1.3035714285714286
1.5806451612903225
1.3793103448275863
1.3384615384615384
1.375
1.5
1.5254237288135593
2.242424242424242
1.6142857142857143
1.9027777777777777
1.6521739130434783
1.8472222222222223
1.4324324324324325
1.620253164556962
1.5802469135802468
1.7816091954022988
1.9529411764705882
1.9047619047619047
1.735632183908046
2.0232558139534884
2.247311827956989
2.2717391304347827
1.8936170212765957
1.9494949494949494
1.87
2.019047619047619
1.6442307692307692
1.8962264150943395
2.0
1.4444444444444444
1.7727272727272727
1.7345132743362832
1.6869565217391305
1.5172413793103448
1.7699115044247788
1.623931623931624
1.4830508474576272
2.040983606557377
1.8015873015873016
1.68503937007874
1.573643410852713
1.5267175572519085
1.5597014925373134
1.5777777777777777
1.5347222222222223
1.5285714285714285
1.489051094890511
2.1007194244604315
1.55
1.5422535211267605
1.6338028169014085
1.4788732394366197
1.5095541401273886
1.4901960784313726
1.3580246913580247
1.5900621118012421
1.427710843373494
1.401197604790419
1.5180722891566265
1.3942857142857144
1.3908045977011494
1.3777777777777778
1.5027624309392265
1.3314917127071824
1.5054945054945055
1.5837837837837838
1.4408602150537635
1.281081081081081
1.3262032085561497
1.3386243386243386
1.4166666666666667
1.3041237113402062
1.4328358208955223
1.5656565656565657
1.0886699507389161
1.4782608695652173
1.4855769230769231
1.7971014492753623
1.2428571428571429
1.2962962962962963
1.3785046728971964
1.4694835680751173
1.5504587155963303
1.8545454545454545
1.3981900452488687
1.459090909090909
1.3122171945701357
1.3318385650224216
