2.831460674157303
1.5360824742268042
1.4183673469387754
1.3653846153846154
1.438095238095238
1.5849056603773586
1.4299065420560748
1.7383177570093458
1.5350877192982457
1.5765765765765767
1.8214285714285714
1.9380530973451326
2.165289256198347
1.653225806451613
2.1068702290076335
1.6692307692307693
1.7037037037037037
1.8045112781954886
1.5724637681159421
1.7943262411347518
1.6597222222222223
1.5174825174825175
1.5664335664335665
1.6554054054054055
1.44
1.2533333333333334
1.5759493670886076
1.6415094339622642
1.314102564102564
1.4444444444444444
1.375
1.3597560975609757
1.147239263803681
1.2976190476190477
1.3712574850299402
1.406060606060606
1.1317365269461077
1.4023668639053255
1.0887573964497042
1.1091954022988506
1.2584269662921348
1.3222222222222222
1.2099447513812154
1.0591397849462365
1.0698924731182795
1.1521739130434783
1.0319148936170213
1.2135416666666667
1.031413612565445
1.1354166666666667
1.03125
1.1088082901554404
1.3177083333333333
1.306878306878307
1.3401015228426396
1.0656565656565657
1.3233830845771144
0.970873786407767
1.2679425837320575
1.1009615384615385
1.1214953271028036
1.1401869158878504
1.0416666666666667
0.9723502304147466
0.985781990521327
1.004566210045662
1.0945945945945945
1.0848214285714286
1.0933333333333333
1.0
1.2026431718061674
1.1904761904761905
1.1233480176211454
1.1528384279475983
1.0300429184549356
0.9495798319327731
0.9533898305084746
1.0815450643776825
1.1914893617021276
1.0086206896551724
1.2731277533039647
1.3275862068965518
1.2330508474576272
1.0502092050209204
1.2573839662447257
1.0258620689655173
1.2274678111587982
0.9871244635193133
1.2887931034482758
1.0635593220338984
1.0588235294117647
