2.814814814814815
1.2873563218390804
1.3846153846153846
1.10752688172043
1.2916666666666667
1.3402061855670102
1.5588235294117647
1.74
1.5673076923076923
1.3838383838383839
1.7864077669902914
1.8981481481481481
2.0350877192982457
1.623931623931624
2.040650406504065
1.8699186991869918
1.5806451612903225
1.829268292682927
1.6062992125984252
1.5801526717557253
1.6397058823529411
1.6296296296296295
1.5755395683453237
1.4142857142857144
1.4545454545454546
1.2097902097902098
1.5100671140939597
1.587837837837838
1.401360544217687
1.4066666666666667
1.2653061224489797
1.3529411764705883
1.2980132450331126
1.4102564102564104
1.3522012578616351
1.2611464968152866
1.251572327044025
1.3670886075949367
1.1180124223602483
1.180722891566265
1.1130952380952381
1.1453488372093024
1.2456140350877194
1.1213872832369942
1.1797752808988764
1.2102272727272727
1.0730337078651686
1.1404494382022472
1.1135135135135135
1.194736842105263
1.0585106382978724
1.3440860215053763
1.2802197802197801
1.3812154696132597
1.303191489361702
1.09375
1.2157894736842105
1.0456852791878173
1.117948717948718
1.0742574257425743
1.233009708737864
1.108910891089109
1.0432692307692308
1.0904761904761904
1.0956937799043063
0.9473684210526315
1.1476190476190475
1.0424528301886793
1.113744075829384
1.1220657276995305
1.0841121495327102
1.2889908256880733
1.1111111111111112
1.0182648401826484
1.1336405529953917
1.0045045045045045
1.0133928571428572
1.1428571428571428
1.1511111111111112
1.105726872246696
1.208888888888889
1.2964601769911503
1.2412280701754386
1.0837004405286343
1.2314410480349345
1.0762331838565022
1.2158590308370043
1.0526315789473684
1.2702702702702702
1.1238938053097345
1.0577777777777777
